1 71 63
2 118 98
3 217 158
4 394 244
5 408 243
6 485 188
7 503 126
8 584 123
9 589 144
10 648 162
11 790 175
12 772 206
13 713 206
14 773 178
15 697 171
16 755 156
17 745 116
18 667 103
19 595 96
20 694 125
21 603 93
22 542 71
23 501 57
24 466 66
25 408 58
26 323 57
27 345 45
28 293 42
29 183 29
30 180 26
31 163 9
32 161 0
33 123 0
34 122 0
35 130 0
36 163 0
37 131 0
38 103 0
39 111 0
40 110 0
41 117 0
42 96 0
43 63 0
44 64 0
45 86 0
46 96 0
47 62 0
48 65 0
49 51 0
50 44 0
51 53 0
52 17 0
53 15 0
54 20 0
55 18 0
56 22 0
57 38 0
58 26 0
59 13 0
60 4 0
61 6 0
62 11 0
63 19 0
64 2 0
65 0 0
